00000000000100111010110111011110
00000000000000000000000000010101
00100001000000000000000000000000
00000000000000000000000000010101
00011111000000000000000000000000
00000000000000000000000000010101
00011101000000000000000000000000
00000000000000000000000000010101
00011011000000000000000000000000
00000000000000000000000000010101
00011001000000000000000000000000
00000000000000000000000000010101
00010111000000000000000000000000
00000000000000000000000000010101
00010101000000000000000000000000
00000000000000000000000000010101
00010011000000000000000000000000
00000000000000000000000000010101
00010001000000000000000000000000
00000000000000000000000000010101
00001111000000000000000000000000
00000000000000000000000000010101
00001101000000000000000000000000
00000000000000000000000000010101
00001011000000000000000000000000
00000000000000000000000000010101
00001001000000000000000000000000
00000000000000000000000000010101
00000000110000000010000000011000
11111100000111110010000110101000
00000101000000000110000011100000
01001011000000110000000000000100
00000101000000001000000011100000
00000000000000000000000000000000
00000000000000000000000000010101
10000100111111110010000110011100
00000000000100000000000111010100
00000100000110000000000111010100
00001000001000000000000111010100
00001100001010000000000111010100
00010000001100000000000111010100
00010100001110000000000111010100
00011000010000000000000111010100
00011100010010000000000111010100
00100000010100000000000111010100
00100100010110000000000111010100
00101000011000000000000111010100
00101100011010000000000111010100
00110000011100000000000111010100
00110100011110000000000111010100
00111000100000000000000111010100
00111100100010000000000111010100
01000000100100000000000111010100
01000100100110000000000111010100
01001000101000000000000111010100
01001100101010000000000111010100
01010000101100000000000111010100
01010100101110000000000111010100
01011000110000000000000111010100
01011100110010000000000111010100
01100000110100000000000111010100
01100100110110000000000111010100
01101000111000000000000111010100
01101100111010000000000111010100
01110000111100000000000111010100
01110100111110000000000111010100
00010010000000001110000010110111
00000010000000001111111110111011
00000000111100001100000000011011
10101100000000011101111010101011
00000000111110001101111011100011
00000000000000001111111010000111
00000000111110000000000001001000
00000000000000000000000000010101
00000000000000000100000110000100
00000100000000000110000110000100
00001000000000001000000110000100
00001100000000001010000110000100
00010000000000001100000110000100
00010100000000001110000110000100
00011000000000000000000110000101
00011100000000000010000110000101
00100000000000000100000110000101
00100100000000000110000110000101
00101000000000001000000110000101
00101100000000001010000110000101
00110000000000001100000110000101
00110100000000001110000110000101
00111000000000000000000110000110
00111100000000000010000110000110
01000000000000000100000110000110
01000100000000000110000110000110
01001000000000001000000110000110
01001100000000001010000110000110
01010000000000001100000110000110
01010100000000001110000110000110
01011000000000000000000110000111
01011100000000000010000110000111
01100000000000000100000110000111
01100100000000000110000110000111
01101000000000001000000110000111
01101100000000001010000110000111
01110000000000001100000110000111
01110100000000001110000110000111
01111100000000000010000110011100
00000000000000000000000000100100
00000000000000000000000000010101
01110000000000000000000011110000
11100100000000010000000011110000
00000000000000100000000011110000
00011100000000100000000011110000
00111000000000100000000011110000
01010100000000100000000011110000
01110000000000100000000011110000
10001100000000100000000011110000
10101000000000100000000011110000
11000100000000100000000011110000
11100000000000100000000011110000
11111100000000100000000011110000
00110100000000110000000011110000
00011000000000110000000011110000
00000000111100001010000000011000
00000000111100001000000000011000
00000000111100000110000000011000
11000000000110101010010110011100
10110000000010011000010010011100
01101010000000010000000000000000
00011000000010110110001110011100
00000000111100001010000000011000
00000000111100001000000000011000
00000000111100000110000000011000
11001100000110101010010110011100
10110000000010011000010010011100
01100011000000010000000000000000
00011000000010110110001110011100
00000000111100001010000000011000
00000000111100001000000000011000
00000000111100000110000000011000
11011101000110101010010110011100
10110000000010011000010010011100
01011100000000010000000000000000
00011000000010110110001110011100
00000000111100001010000000011000
00000000111100001000000000011000
00000000111100000110000000011000
11101011000110101010010110011100
10110000000010011000010010011100
01010101000000010000000000000000
00011000000010110110001110011100
00000000111100001010000000011000
00000000111100001000000000011000
00000000111100000110000000011000
11110001000110101010010110011100
10110000000010011000010010011100
01001110000000010000000000000000
00011000000010110110001110011100
00000000111100001010000000011000
00000000111100001000000000011000
00000000111100000110000000011000
11111010000110101010010110011100
10110000000010011000010010011100
01000111000000010000000000000000
00011000000010110110001110011100
00000000111100001010000000011000
00000000111100001000000000011000
00000000111100000110000000011000
00000000000110111010010110011100
10110000000010011000010010011100
01000000000000010000000000000000
00011000000010110110001110011100
00000000111100001010000000011000
00000000111100001000000000011000
00000000111100000110000000011000
00000110000110111010010110011100
10110000000010011000010010011100
00111001000000010000000000000000
00011000000010110110001110011100
00000000111100001010000000011000
00000000111100001000000000011000
00000000111100000110000000011000
00001100000110111010010110011100
10110000000010011000010010011100
00110010000000010000000000000000
00011000000010110110001110011100
00000000111100001010000000011000
00000000111100001000000000011000
00000000111100000110000000011000
00010010000110111010010110011100
10110000000010011000010010011100
00101011000000010000000000000000
00011000000010110110001110011100
00000000111100001010000000011000
00000000111100001000000000011000
00000000111100000110000000011000
00011010000110111010010110011100
10110000000010011000010010011100
00100100000000010000000000000000
00011000000010110110001110011100
00000000111100001010000000011000
00000000111100001000000000011000
00000000111100000110000000011000
00100011000110111010010110011100
10110000000010011000010010011100
00011101000000010000000000000000
00011000000010110110001110011100
00000000111100001010000000011000
00000000111100001000000000011000
00000000111100000110000000011000
00101010000110111010010110011100
10110000000010011000010010011100
00010110000000010000000000000000
00011000000010110110001110011100
00000000000000000110000000011010
00000111000000001010000010101010
00000010101010000011001101110010
00000000000000001110000000011010
00000001000000000011000110100110
00000000101110000011000111100100
11111100111111111111111100010011
00000000000000000000000000010101
00000000010010000000000001000100
00000000000000000000000000010101
00000000000000000110000000011001
00000010000110000110101101110001
00000000010010000000000001000100
00000000000000000000000000010101
00010110000000000010000010101010
00000010100010010000001101110000
00000010000000000010000010101010
00000111000000000110000010101010
00000010100110010001000101110000
11101101111111111111111100000011
00000000000000000000000000010101
11011100111111110010000110011100
00000000100000000000000111010100
00000100100100000000000111010100
00001000101000000000000111010100
00001100101100000000000111010100
00010000110000000000000111010100
00010100110100000000000111010100
00011000111000000000000111010100
00011100111100000000000111010100
00100000010010000000000111010100
00000100000110001100001111100010
00000100001000000100010011100010
00000000000000000000000000011010
00000000000000001000000000011010
00010110000000000000000010101011
00100000000000000100000010101011
00000001000000001000000010101011
00000111000000001100000010101011
00000000100100001001010011100101
00001100000000000000000000010000
00100000000000000010000110000101
00000000000000000000000110000110
00000100000000000100000110000110
00001000000000001000000110000110
00001100000000001100000110000110
00010000000000000000000110000111
00010100000000000100000110000111
00011000000000001000000110000111
00011100000000001100000110000111
00000000010010000000000001000100
00100100000000000010000110011100
00000010110000010001000001110000
00011000000000000010000010101010
00000000100000000111011011100010
00000000000000001011001110000110
00000001000000101011010101110010
00000010100010010001010101110000
00000001000000000011000110011110
00000000110100000011000111100100
11111011111111111111111100010011
00000100000000000111001110011110
00000010111100010001110001110000
11000001111111111111111100000111
00001000000000001001010010011110
11100110111111111111111100000011
00100000000000000001000010011110
10110100111111110010000110011100
00000000111100001000000000011000
00100000000000001010000010101000
00001000001000111000010010011100
00001100000000000110000110011100
00101100100000000000000111010100
00110000100100000000000111010100
00111000101100000000000111010100
00111100110000000000000111010100
01000000110100000000000111010100
01000100111000000000000111010100
01001000010010000000000111010100
00110100101000000000000111010100
10100111000000010000000000000100
00000000111100000100000000011010
00000000111100000000000000011010
10110000000010010101001010011110
00011000000010110001000010011110
00000000111100001010000000011000
00110001000110111010010110011100
00000100100100001001001011100000
10111100000000000000000000000100
00000100100000000111000011100000
00011111000000000010000000011010
00000000111100001100000000011010
00000000000000000110000000011010
00000000111111000011000110101010
00000000000001000000000000011011
11111111111111110100000010101111
01100010000110111101011010011110
00000001000000001000000010101011
00000010000000001010000010101010
00001000101010001001000111100010
00000000110000001001010011100010
00000000000000001011010010000110
00000000110100000001010111100100
00011101000000000000000000010000
00000001000000000011000110011110
00000000000000000010000000011010
00000000100010000001001111100100
00010000000000000000000000010000
00000100101100001011011011100000
00000000111100001010000000011000
01010100000110111010010110011100
00000100100100001001001011100000
00000100100000000111000011100000
00110000000000000100000110000110
00101100000000000000000110000110
00110100000000001000000110000110
00111000000000001100000110000110
00111100000000000000000110000111
01000000000000000100000110000111
01000100000000001000000110000111
01001000000000000010000110000101
10011011000000000000000000000000
01001100000000000010000110011100
00000100100100001001001011100000
10011000000000000000000000000100
00000100100000000111000011100000
10010000111111111111111100000111
00000100101000000111010011100000
00011111000000000010000000011010
00000100111000000111110011100010
00000000111111000011000110101010
00000001000000000011000110011110
00100000000000001010000000011010
00000000101010000011000111100100
11011101111111111111111100010011
00000010000000001010000010101010
00000000111100001010000000011000
01111110000110111010010110011100
00000100100100001001001011100000
10001001000000000000000000000100
00000100100000000111000011100000
00001100000000001000000110011110
00000100101000000111010011100010
00011000000000000010000010101010
00100000000000001110000010101010
00000000000000001011001110000110
00000001000000101011010101110010
00000010100010010001010101110000
00000001000000000011000110011110
00000000101110000011000111100100
11111011111111111111111100010011
00000100000000000111001110011110
01111111000000000010000000011010
00000000111100000011000110101010
00010110000000000110000010101010
00000010100110010001000101110000
00000001000000000010000010101010
00000111000000000110000010101010
00000010100110010001000101110000
01100001111111111111111100000111
00000000000000000000000000010101
00000000111100001010000000011000
10011111000110111010010110011100
00000100100100001001001011100000
01110000000000000000000000000100
00000100100000000111000011100000
01111111000001000010000000011010
00000000111100000011000110101010
00000000000000000110000000011010
00001000000000000010000010101011
00000000000000001011000110000110
00000000000000001111010010000110
00000000101010000001011111100100
00010100000000000000000000010000
00000100000000000011000110011110
00000000111100001010000000011000
00001000101110000000000111010100
00000100101010000000000111010100
00000000100110000000000111010100
00000100100100001001001011100000
00000100100000000111000011100000
01011111000000000000000000000100
11000100000110111010010110011100
01001000000000000010000110000101
00101100000000000000000110000110
00110000000000000100000110000110
00110100000000001000000110000110
00111000000000001100000110000110
00111100000000000000000110000111
01000000000000000100000110000111
01000100000000001000000110000111
00000000010010000000000001000100
01001100000000000010000110011100
00000001000000000111001110011110
00000000110010000011001111100100
11100111111111111111111100010011
00000100000000001001010010011110
00000000111100001010000000011000
10101001111111111111111100000011
11100100000110111010010110011100
11101000111111110010000110011100
00000000100000000000000111010100
00000100100100000000000111010100
00001000101000000000000111010100
00001100101100000000000111010100
00010000110000000000000111010100
00010100010010000000000111010100
00000100000110000100001111100010
00000100001000001000010011100010
00011100000000000000000010101010
00001001000000000000000010101011
11111100111111111100000010101110
01001000100000000111010011100000
00001111000000000010001110100110
00000000110000000101000111100100
00000011000000000000000000010000
00110111000000000111000110011100
00110000000000000111000110011100
00000000100100000000000001001000
11111100111111110001000010011110
00000000101100000011000011100100
11111000111111111111111100010011
01001000100000000111010011100000
00000000000000000000000110000110
00000100000000000100000110000110
00001000000000001000000110000110
00001100000000001100000110000110
00010000000000000000000110000111
00010100000000000010000110000101
00000000010010000000000001000100
00011000000000000010000110011100
11101000111111110010000110011100
00001100100000000000000111010100
00010000100100000000000111010100
00010100010010000000000111010100
00000100000110000100001111100010
00000000000000000110000000011010
00000000000000000000000000011010
00001010000000001010000010101010
00001010101010111110010011100010
00000010000000000010000010101010
00001000100010000011011111100010
00000000101110000011000111100010
00000000100010000011000111100010
00000010100010000010010011100010
00000010000000001110000110011110
00110000000000000011000110011110
00000000100110001111011111100010
00000000100010000001011111011000
00000000000000000010000000011010
00000000100010000001001111100100
00000100000000000000000000010000
00000000100010000000010011100100
00000100000000000000000000010000
00000000000000000000000000010101
00000001000000000001000010011110
11111111000000000001000010100110
00000001000000000111001110011110
00000000101010000011001111100100
11101100111111111111111100010011
00001010101010111000010011100000
00000000000000000010000000011010
00000000100010000011000011100100
00000111000000000000000000010000
11111111111111110001000010011110
00001100000000000000000110000110
00010000000000000100000110000110
00010100000000000010000110000101
00000000010010000000000001000100
00011000000000000010000110011100
00000010000000000010000110011110
00000000100000000011000111100010
00000000100100000000000001001000
00000000000000000111000110001100
11110100111111111111111100000011
00000000000000000010000000011010
11100000111111110010000110011100
00000000100000000000000111010100
00000100100100000000000111010100
00001000101000000000000111010100
00001100101100000000000111010100
00010100110100000000000111010100
00011000111000000000000111010100
00010000110000000000000111010100
00011100010010000000000111010100
00000100000110001000001111100010
00000100001000000000010011100010
00000100001010000100010111100010
00100000000000001100000110011110
00100101000000000100000010101011
01100011000000001000000010101011
00000000000000000111001010010000
00000000000000000010000000011010
00000000100010000010001111100100
00111011000000000000000000001100
00000000110100000010001111100100
01011010000000000000000000010000
11111111000000000000001110100111
00000001000000000011001010010010
00000000111000000001000111100100
01001101000000000000000000010000
00000000111000000101000111100101
00011011000000000000000000010000
00000000000000000110000000011010
00000000100110000001000111100100
00101000000000000000000000010000
01011000000000000110000010101010
00000000100110000001000111100100
00110111000000000000000000010000
00000100000000000001011010011111
00000000101000000000000001001000
00100101000000000110000010101000
00000000000000000010000000011010
00000000100010000001000011100100
00000100000000000000000000010000
00000000000000000000000000010101
00000000100000000000000001001000
00100101000000000110000010101000
00000001000000000001001010001111
00000000101000000000000001001000
00000100110000000111100011100000
00000000000000000010000000011010
00000000100010000001000011100100
00110011000000000000000000010000
00000000000000000000000000010101
00000000100000000000000001001000
00000100110000000111100011100000
00110000000000000000000000000000
00000001000000000101001010011110
01100100000000000110000010101010
00000000100110000001000111100100
11101011111111111111111100001111
00000100000000000001011010011111
00000100101000000111010011100000
00000000000000001101011010000110
10011000111111111111111100000111
00000100101100001001011011100000
00000000000000000010000000011010
00000000100010000001000011100100
00100010000000000000000000010000
00000100101100001001011011100000
10010010111111111111111100000111
00000100100000000111000011100000
00011111000000000000000000000000
00000100110000001101100011100010
00000000101000000000000001001000
00000100110100000111101011100000
00000000000000000010000000011010
00000000100010000001000011100100
00000100000000000000000000010000
00000100110100000111101011100000
00000000100000000000000001001000
00000000000000000000000000010101
00000000000000000000000110000110
00000100000000000100000110000110
00001000000000001000000110000110
00001100000000001100000110000110
00010000000000000000000110000111
00010100000000000100000110000111
00011000000000001000000110000111
00011100000000000010000110000101
00000000010010000000000001000100
00100000000000000010000110011100
00000100101000000111010011100000
00000000000000001101011010000110
01011011111111111111111100000111
00000100101100001001011011100000
00000000000000000010000000011010
00000000100010000001000011100100
00000100000000000000000000010000
00000100101100001001011011100000
01010101111111111111111100000111
00000100100000000111000011100000
00000100110000001101100011100010
00000001000000000101001010011110
10101100111111111111111100000011
00000001000000000101001010011110
00000011000000000101011010001110
00000000101000000000000001001000
00000100100100000111001011100000
00000000000000000010000000011010
00000000100010000001000011100100
11100011111111111111111100010011
00000100100100000111001011100000
11011111111111111111111100000011
00000000000000000000000000010101
00000000101000000000000001001000
00000100110000000111100011100000
00000000000000000010000000011010
00000000100010000001000011100100
11110001111111111111111100010011
00000000000000000000000000010101
00000000100000000000000001001000
00000100110000000111100011100000
10011001111111111111111100000011
00000001000000000101001010011110
00000000010100000010000000011010
00000011000000000111000110101010
10000011111111111010000010101110
00000000101010000001001111011000
00011011000000001010000010101010
00000000101010000001000111011000
00000001000000000011000110101010
00000000000000000001000111011000
00000011000000000010000010101010
00000000100010000001001111011000
00000000010010000000000001000100
00000000000000000000000000010101
00000000010100000110000000011010
11111111000000000110001110100100
00000101000000001011001110101010
00000000000000000011010110001110
01000000000000000011000110100110
00000000000000001110000000011010
00000000101110000001000111100100
00000101000000000000000000010000
00000000000000000000000000010101
00000000000110000001001111011000
00000000010010000000000001000100
00000000000000000000000000010101
00000000000000000000000000010101
11110110111111111111111100000011
00000000000000000000000000010101
00000000010100000110000000011010
00000101000000001011001110101010
00000000000000000011010110001110
00000001000000000011000110100110
00000000000000001110000000011010
00000000101110000001000111100100
11111100111111111111111100010011
00000000000000000000000000010101
00000000000000000111001110001101
00000000010010000000000001000100
00000000000000000000000000010101
11110000111111110010000110011100
11111111000000000110001110100100
00000000100000000000000111010100
11010000111111110000001110011110
11111111000000000011000010100110
00001001000000000110000010101010
00000100100100000000000111010100
00001000101000000000000111010100
00000000100110000101000111100100
00001000000000000000000000001100
00001100010010000000000111010100
10111111111111110010001110011110
11111111000000000011000110100110
00000101000000000110000010101010
00000000100110000101000111100100
00011000000000000000000000010000
11001001111111110000001110011110
00001001000000000100000010101010
00000101000000001000000010101010
11100010111111111111111100000111
00000000000000000000000000010101
11111111000000000110101110100101
11010000111111110010101110011110
11111111000000000111000110100110
00000000100100000101001111100100
00000100000000000000000000010000
00000100000000001010000010101010
00001000101010000001000011100010
00000000100000000001000111100010
10111111111111110010101110011110
11111111000000000011000110100110
00000000101000000101000111100100
00010000000000000000000000010000
10011111111111110010101110011110
00000100000000000010000010101010
00001000100010000001000011100010
11001001111111110110101110011101
11101110111111111111111100000011
00000000100000000000101111100010
10011111111111110010001110011110
11111111000000000011000110100110
00000000100110000101000111100100
00000100000000000000000000010000
00000000000000000000000000010101
11100101111111111111111100000011
10101001111111110000001110011110
11100011111111111111111100000011
00000000000000000000000000011010
11111111000000000011000110100110
00000000101000000101000111100100
00000101000000000000000000010000
00000100000000000010000010101010
00001000100010000001000011100010
11110000111111111111111100000011
10101001111111110110101110011101
00000000100100001011001111100100
11011011111111111111111100010011
00000100100000000111000011100001
00000100000000000100000110000110
00000000000000000000000110000110
00001000000000001000000110000110
00001100000000000010000110000101
00000000010010000000000001000100
00010000000000000010000110011100
11111111000000000110001110100100
00000010000000000010000010101010
00000000000110010001000101110000
00000000010010000000000001000100
00000000000000000000000000010101
00000100000110000110001111100001
00000000000000000010000000011010
00000000001010000011000111100100
00000100000000000000000000010000
00000000100010000110010011100010
00000000010010000000000001000100
00000000000000000000000000010101
00000000000000001011001110010010
00000000100010000110101111100010
00000000101010000001001111011000
11111000111111111111111100000011
00000001000000000011000110011110
10011100111111110010000110011100
00000000111100001000000000011000
00111100000000001010000010101000
00101000001000111000010010011100
01001100100000000000000111010100
01010000100100000000000111010100
01010100101000000000000111010100
01011000101100000000000111010100
01011100110000000000000111010100
01100000010010000000000111010100
11101010111111111111111100000111
00010000000000000110000110011100
00000011000000000010000010101010
00000000000000010001000101110000
11111111000000000010000010101010
00001001000000000000000010110110
00000000100010001011000011100100
11111110111111111111111100010011
00001111000000001101000010100110
00000001000000000010000010101010
00000000100010000011011011100100
01011100000000000000000000010000
00000000000000000000000000010101
00000000111100001000000000011010
10110000000010011001010010011110
00000000111100000100000000011010
00011000000010110101001010011110
00000000111100001010000000011000
00000100101000001001010011100000
11110111000110111010010110011100
11110011111111101111111100000111
00000100100100000111001011100000
00000000111100001010000000011000
00000100101000001001010011100000
00100110000111001010010110011100
11101110111111101111111100000111
00000100100100000111001011100000
00000000111100001010000000011000
00000100101000001001010011100000
01001001000111001010010110011100
11101001111111101111111100000111
00000100100100000111001011100000
00000100000000000010000010101010
01001000100010000011000011100010
00001111000000000011000110100110
00000000111100001010000000011000
00000100101000001001010011100000
00000100100010000000000111010100
01111011000111001010010110011100
00000100100100000111001011100000
11011111111111101111111100000111
00000000101100000000000111010100
00001100000000000010000010101010
01001000100010000011000011100010
00001111000000000011000110100110
00001100100010000000000111010100
00010000000000000010000010101010
01001000100010000011000011100010
00001111000000000011000110100110
00001000100010000000000111010100
00010100000000000010000010101010
01001000100010000011000011100010
00001111000000000011000110100110
00000100100010000000000111010100
00011000000000000010000010101010
01001000100010000001000011100010
00001111000000000001000010100110
00000000111100001010000000011000
00000000100000000000000111010100
00000100101000001001010011100000
10011001000111001010010110011100
00000100100100000111001011100000
11001001111111101111111100000111
00000000111100001000000000011010
00010000000000000000000110011110
00000001000000000000000010101011
10110000000010011001010010011110
00000000000000000010000000011010
00000000000000001011000010000100
00000000100010000010010111100100
00100011000000000000000000010000
00000000110000000001011011100100
00000000110000000011011011100100
00010110000000000000000000001100
00000000000000000000000000010101
00000000111100001010000000011000
10101010000111001010010110011100
00000000000000001000000000011000
10111001111111101111111100000111
00000100100100000111001011100000
00000010010100000010000010110110
00000000000000000110000000011010
00000000100110000111000111100101
11111101111111111111111100010011
00000000000000000000000000010101
00000011010100000000000010110110
00000000111100001010000000011000
00000000100000000000000111010100
11001100000111001010010110011100
00000000000000001000000000011000
10101101111111101111111100000111
00000100100100000111001011100000
00000000100000000000000001000100
00000000000000000000000000010101
00000000000000000000000000010101
01001100000000000000000110000110
01010000000000000100000110000110
01010100000000001000000110000110
01011000000000001100000110000110
01011100000000000000000110000111
01100000000000000010000110000101
00000000010010000000000001000100
01100100000000000010000110011100
10101000111111111111111100000011
00000000000000001000000000011010
11100010111111111111111100001111
00000100000000000001000010011110
00000100101000001001010011100000
10011011111111101111111100000111
00000100100100000111001011100000
11010110111111111111111100000011
00000000000000000010000000011010
10101101110111100010000000011010
00000000000100110111000110101010
00000000100110000000001111100100
00010011000000000000000000010000
11111111111111110110000000011010
00000011100110000110001111100000
00000000100010000010001111100100
00010000000000000000000000010000
11111111111111110110000010101101
00000000111100001010000000011000
00000000111100001000000000011000
00000000111100000110000000011000
11111100111111110010000110011100
11101011000111001010010110011100
10110000000010011000010010011100
00000000010010000000000111010100
10000111111111101111111100000111
00011000000010110110001110011100
11111111111111110110000010101101
00000000000000000010000110000101
00000000010010000000000001000100
00000100000000000010000110011100
00000000000000000110000000011001
00000000010010000000000001000100
00000000000000000000000000010101
10100100111111000010000110011100
00110000011100110000000111010100
00110100100000110000000111010100
00111000100100110000000111010100
00111100101000110000000111010100
01000000101100110000000111010100
01000100110000110000000111010100
01001000110100110000000111010100
01001100111000110000000111010100
01010000111100110000000111010100
01010100000100110000000111010100
01011000010010110000000111010100
00000000110000000010000000011010
00000110100010000000000011000000
00010001000000000010000010110110
00101100100010000000000111010100
00101100000000000010000110000110
00010000000000000011000110101010
00101100100010000000000111010100
00101100000000000010000110000110
00010001100010000000000011000000
11100001111111101111111100000111
01111111000000001100000000011011
01010110111111111111111100000111
00000001000000000100000010101010
00000000111100000010000000011010
00000000010000000011000110101010
00010000100010000000000111010100
00111111000000000010000000011010
11111111111111110011000110101010
11111100111111111101111010101011
00000000000000001100000000011001
00000000000000000000000000011011
00000100100100000101001011100000
00000000000000000000000000011010
00011100100010000000000111010100
00100111000000001000000010101011
11101100111111101111111100000111
00000000000000000000000000010101
11111111000000000100101110100111
00000000111000000001101011100100
10101111000000100000000000010000
00000000111000000101101011100100
01001010000000000000000000010000
00100100000000000010000010101010
00000000100010000001101011100100
10100010000000000000000000010000
00000000100010000101101011100100
00010011000000000000000000010000
00100011000000000010000010101010
00000000100010000001101011100100
10010011000000000000000000010000
11110110111111110111101010011110
11111111000000000111001110100110
00010110000000000010000010101010
00000000100010000101001111100100
00001001000000000000000000010000
10111111111111110010000000011010
11110110111111110011000110101010
10001000100110000011000111100010
00000001000000000011000110100110
00000000000000000110000000011010
00000000100110000011000111100100
11100110111111111111111100001111
00000000000000000000000000010101
01000110000000000000000000000000
00000000000000000110000000011001
00100110000000000010000010101010
00000000100010000001101011100100
11111100111111111111111100001111
00100101000000000100000010101011
11001010111111101111111100000111
00000000000000001000000000011011
00000000111100001010000000011000
00000000111100000110000000011000
11111111000000000110101110100101
01001101000111011010010110011100
00000000000000001000000000011000
00011000000010110110001110011100
00101111111111101111111100000111
00001100010110000000000111010100
00100000000000000100000010101011
00001100000000000110000110000101
00000000110100000000101111100100
00011101000000000000000000010000
00000000111000000011110011100010
00000000111000000011000111100010
00110000000000000110000110011110
00000000100010001111001111100010
00000000000000001010000000011010
00000001000000001011010110011110
00000000010110000001011111011000
00011000100010000000000111010100
00010100101010000000000111010100
10110011111111101111111100000111
00001100101110000000000111010100
11111111000000000110101110100101
00000000110100000010101111100100
00001100000000001110000110000110
00010100000000001010000110000110
00000001000000001111011110011110
11110101111111111111111100010011
00011000000000000010000110000110
00010000000000110011000110011110
00100000000000000110000110011110
00000000100110000011000111100010
00000000101010000011000111100010
00000000000001011111000111011011
00000001000000001001110010011111
11111111000000000010000010101010
00000000100010001011110011100101
10110101111111111111111100001111
00000000000000000000000000010101
10100000111111101111111100000111
00000000000000000000000000010101
11100000111111111111111100000011
11111111000000000110101110100101
00101101000000000010000010101010
00000000100010000001101011100100
00001011000000000000000000010000
00000000100010000101101011100100
00110011000000000000000000010000
00111101000000000010000010101010
00101010000000000010000010101010
00000000100010000001101011100100
01111111000000000000000000010000
00101011000000000010000010101010
00000000100010000001101011100100
00000111000000000000000000001100
00000000000000000110000000011001
10001111111111101111111100000111
00000000000000000000000000010101
00011000000000000010000010101010
00001000100010000110101111100001
10001000100010000110101111100001
00011000000000000010000010101010
00001000100010000101101011100011
10001000100010000101101011100011
11111111111111111000000010101111
00000000000000000010000000011010
11111111000000001010000010101010
00000000100010000111000111100010
00000000100010000111001111100010
00100000000000001110000110011110
00010000000000110111001110011110
00000000101110000111001111100010
00000000111111011111001110010010
00000000110100000011011111100100
00001000000000000000000000010000
00000000000000000000000000010101
00000001111111010111001110010010
00000000010110000001001111100100
00000100000000000000000000001100
00000000000000000000000000010101
00000100100010001001000111100011
00000000000000010010000010101010
00000001000000000011000110011110
00000000101010001011000111100101
11110000111111111111111100010011
00000000100010000111000111100010
00000000000000000010000000011010
00000000100010000111110011100101
01000011000000100000000000001100
00000000111100001010000000011000
00000000111100000010000000011010
11011000001000000101000110011111
00000000000000000010000000011010
00000000100010000011001011100100
01000000000000100000000000010000
00000000100010000000111011100100
01111010111111111111111100000011
00000001000000000100000010101010
00000000100010000001101011100100
11010101111111111111111100010011
01000000000000000010000010101010
00000000100010000001101011100100
11010111111111111111111100001111
00000000000000000110000000011001
01101010111111101111111100000111
00100000000000000110000010101000
00000010000000000010000010101010
00000000111100001010000000011000
00000000111100000110000000011000
01001000100010001000101111100010
00000000010110000000000111010100
00011100000000000010000110000110
01100001000111011010010110011100
00000000000000001000000000011000
00011000000010110110001110011100
00000011100010001001010011100010
11000000111111011111111100000111
00000100010110001100101111100010
00000000000000000010000000011010
00000000100010000001010011100100
01100010111111111111111100001111
00000000000000001100000000011001
01100000111111111111111100000011
00000000000000000000000000011011
00000000111100001010000000011000
00111101000111011010010110011100
00000000111100001000000000011000
10110000000010011000010010011100
00000000111100000110000000011000
00011000000010110110001110011100
10110010111111011111111100000111
00100111000000001000000010101011
01010111111111111111111100000011
00000000000000000000000000010101
00000000000000000111000010000100
00010110111111111111111100000111
00000000000000000000000000010101
00000000000000000010000000011010
00000000100010000000101111100100
00000101000000000000000000010000
00010000000000000010000110000110
00000000111100001010000000011000
11110000111111111111111100000011
01111111000111011010010110011100
00000000100010000011000011100100
00000101000000000000000000010000
00000001000000000010000010101010
00001111100010001000000011000011
01000111111111111111111100000011
00100111000000001000000010101011
00010001000000000010000010110110
11111111101111110110000010101110
00101100100010000000000111010100
00101100000000000010000110000110
00000011100110000011000111100010
00101100100010000000000111010100
00100000111100000100000011000001
00101100000000000010000110000110
00010001100010000000000011000000
11100111101111110110000010101110
00101100000000000010000110000110
00000011100110000011000111100010
00101100100010000000000111010100
00001101000000000100000010101011
00000000111000000101101010110111
00000000111100001010000000011000
00000000111100001000000000011000
00000000111100000110000000011000
10011010000111011010010110011100
10110000000010011000010010011100
10001010111111011111111100000111
00011000000010110110001110011100
00000100110100000101000011100011
00101100000000000010000110000110
00000000110100000000000001000100
00010001100010000000000011000000
00101011111111111111111100000011
00100111000000001000000010101011
00010101111111101111111100000111
00000000000000000000000000010101
11111111000000000110101110100101
01110000000000000010000010101010
00000000100010000000101111100100
11001110000000000000000000010000
00000000100010000100101111100100
01111010000000000000000000010000
01101000000000000010000010101010
00000000100010000000101111100100
10011101000000000000000000010000
00000000100010000100101111100100
00010101000000000000000000010000
01100101000000000010000010101010
00000000100010000000101111100100
10010110000000010000000000010000
01100110000000000010000010101010
00000000100010000000101111100100
00111100000000010000000000010000
01100011000000000010000010101010
00000000100010000000101111100100
00010011111111111111111100001111
00000000111100000010000000011010
00000000010000000011000110101010
00000000100010000001000011100100
00000101000000000000000000010000
00000000000001000010000000011010
00000000100010000011000011100100
11111011000000000000000000010000
00000000000000000000000000010101
00000000111100001010000000011000
10101101111111111111111100000011
01101000000111101010010110011100
01101001000000000010000010101010
00000000100010000000101111100100
10111001000000000000000000010000
01101101000000000010000010101010
00000000100010000000101111100100
00000010111111111111111100001111
00000000111100000100000000011011
00000000111100000000000000011011
00011000000010110011100010011110
10110000000010010101101010011111
00000000111100001010000000011000
00000100100010000111000111100000
10101101000111111010010110011100
00000100110100001001101011100000
01010011111111011111111100000111
00001100100010000000000111010100
00000000111100000010000000011010
11001111000111110011000110011110
00010100100010000000000111010100
00000000111100000010000000011010
11101001000111110011000110011110
00000000000000000000000000011011
00011000100010000000000111010100
00000100110100001001101011100000
00010100000000001010000110000100
01001000111111011111111100000111
00001100000000000110000110000100
00000000000000000010000000011010
00000000000000100110000000011010
00000010000000001010000010101010
00000000101010000001100011100100
00000011000000000000000000010000
00000000000000000000000000010101
00000001000000001111000101110010
00000000100010000001000111010100
00000100000000000011000110011110
00000000100110000011000111100100
11111001111111111111111100010011
00000010000000001010000010101010
00000000111100001010000000011000
11011011000111111010010110011100
00000100110100001001101011100000
00110111111111011111111100000111
00001100000000000110000110000100
00000000000000000010000000011010
00000000000000001000000000011011
00011101000000000010000010101011
00000000000000101110000000011010
00000010000000000110000010101010
00000000100110000001100011100100
00000011000000000000000000010000
00000000000000000000000000010101
00000001000000000111000101110011
00000000000000000111000110000111
00000000100010000001101111100100
00010011000000000000000000010000
00000000110010000101110011100100
00010000000000000000000000010000
00000000000000000000000000010101
00000000000000000111000110000111
00000100110100001001101011100000
00001000100010000000000111010100
00000000100010000000000111010100
00000100110110000000000111010100
00101000110010000000000111010100
00100100101110000000000111010100
00100000100010000000000111010100
00011000000000001010000110000100
00011101111111011111111100000111
00001100000000000110000110000100
00101000000000000010000110000111
00100100000000001110000110000110
00100000000000000010000110000110
00000001000000001001110010011111
00000100000000000011000110011110
00000000101110000011000111100100
11100101111111111111111100010011
00000010000000000110000010101010
00000000000000000010000000011010
00000000100010000001110011100100
01100000000000010000000000010000
00000011000000000010000010101010
00000000111100001010000000011000
00000000111000000000000111010100
00000101001000001010010110011100
00000100110100001001101011100000
00001011111111011111111100000111
00001100000000000110000110000100
00000000111100001010000000011000
00000000111000000000000111010100
00011110001000001010010110011100
00000100110100001001101011100000
00000101111111011111111100000111
00001100000000000110000110000100
10101001111111101111111100000011
00000000000000000000000000011011
01110011000000000010000010101010
00000000100010000000101111100100
00101110000000000000000000010000
00000000100010000100101111100100
00010100000000000000000000010000
01110100000000000010000010101010
01110001000000000010000010101010
00000000100010000000101111100100
00101100000000000000000000001100
00000000000001000100000000011011
01111111000000000100000000011011
11111100111111110101101010101011
00000000111100001000000000011000
00000000111100000110000000011000
00000000110100000011111011100100
10110000000010011000010010011100
01000110000000010000000000010000
00011000000010110110001110011100
00000000111100001010000000011000
00111001001000001010010110011100
11101101111111001111111100000111
00000000110000001100000000011011
10010001111111101111111100000011
11111100000111111101111010101011
00000000100010000000101111100100
01011110000000000000000000010000
01110110000000000010000010101010
00000000100010000000101111100100
10001011111111101111111100001111
00000000111100001010000000011000
00000000111100001000000000011000
00000000111100000110000000011000
11100000000111011010010110011100
10110000000010011000010010011100
11011111111111001111111100000111
00011000000010110110001110011100
10000011111111101111111100000011
00000000000000000100000000011000
00000000111100001010000000011000
00000000111100000110000000011000
10101010000111111010010110011100
00000000000000001000000000011000
11010111111111001111111100000111
10110000000010010110001110011100
11000100111111011111111100000111
00100111000000001000000010101011
01111010111111101111111100000011
00000000000000000000000000010101
00000000111111001111111100000111
00100111000000001000000010101011
01110110111111101111111100000011
00000000000000000000000000010101
00000000000000000111101010000100
00110101111111101111111100000111
00000000000000000000000000010101
00000000000000000010000000011010
00000000100010000000101111100100
00000100000000000000000000010000
00000000111100001010000000011000
00010000111111111111111100000011
10101111000111011010010110011100
00000100000000000011101010101010
00000000000000000111000110000110
00000010000000000010000010101010
00001000100010000111001111100010
00000000000000000010000000011010
00000000100010000011001111100100
00001010000000000000000000010000
00000000100010001011101011100010
00010001000000000010000010110110
11111111101111110110000010101110
00101100100010000000000111010100
00101100000000000010000110000110
00000011100110000011000111100010
00101100100010000000000111010100
00011111111111111111111100000011
00000000000000000000000000010101
00000000000000001011010110000110
00000100000000000011000110011110
11111100101011111111000111010111
11110011111111111111111100000011
00000000100010000011001111100100
00000000111100001010000000011000
00000000111100001000000000011000
00000000111100000110000000011000
11001100000111011010010110011100
10110000000010011000010010011100
10101010111111001111111100000111
00011000000010110110001110011100
01001110111111101111111100000011
00000001000000000100000010101000
00000000000000000111000010000100
00001110111111101111111100000111
00000000000000000000000000010101
00000000000000000010000000011010
00000000100010000000101111100100
00000000111100001000000000011000
00000000111100000110000000011000
00000100000000000011000010000110
10110000000010011000010010011100
00001010000000000000000000010000
00011000000010110110001110011100
00000000111100001010000000011000
00000100100010000000000111010100
00000000000000000000000111010100
11110101000111011010010110011100
10010111111111001111111100000111
00100111000000001000000010101011
00111100111111101111111100000011
00000000000000000000000000010101
00000010000000000110000010101010
00001000100110000011000111100010
00000100100000000011000111100010
11111111111111110011000110011110
00000000111100001010000000011000
00000100100010000000000111010100
00000000100000000000000111010100
11110101111111111111111100000011
00001001000111101010010110011100
00000000000000000010000000011010
00000000111100001000000000011000
00000000111100000110000000011000
00000000100010000011000011100100
10110000000010011000010010011100
00001001000000000000000000010000
00011000000010110110001110011100
00000000111100001010000000011000
00101011000111101010010110011100
10000001111111001111111100000111
00000000111100000000000000011010
00000000000000000000000000011011
00100100111111101111111100000011
00000000010000000001000010101010
00000000111100000010000000011010
00000000010000000011000110101010
00000000100010000011000011100100
00001000000000000000000000010000
00000000000000000000000000010101
00000000111100001010000000011000
01110110111111001111111100000111
01000010000111101010010110011100
00000000000000000000000000011011
00011001111111101111111100000011
00000000000001000000000000011010
00000000111100001010000000011000
01110000111111001111111100000111
01010101000111101010010110011100
00000000000000000000000000011011
00010011111111101111111100000011
00000000000000000000000000011010
00000000000000000111000010000100
11010011111111011111111100000111
00000000000000000000000000010101
00000000000000000010000000011010
00000000100010000000101111100100
00000101000000000000000000010000
00111111000000000010000000011010
00000000111100001010000000011000
10101101111111101111111100000011
10001010000111101010010110011100
11111111111111110011000110101010
00000100000000000111000010000110
00000000100010001011001111100100
00100011000000000000000000010000
00000000000000000100000000011011
00000000111100001010000000011000
10100101111111101111111100000011
10100111000111101010010110011100
00000000100010001011101011100010
00000000000000000111010110000111
00000000000000000011101010000111
00000000110010000001101111100100
00010001000000000000000000010000
00000100100010000011101011100010
00000000111100000110000000011000
00000000000000001011010110000110
00000100111000001001110011100000
00000000000000000011101010000111
00011000000010110110001110011100
00001000110010000000000111010100
00000100101010000000000111010100
00000000100010000000000111010100
00011000101110000000000111010100
00010100100110000000000111010100
01001001111111001111111100000111
00001100001010000000000111010100
00011000000000001110000110000110
00010100000000000110000110000110
00001100000000001010000110000100
00000001000000000111001110011110
00000100000000000101101010011111
00000000000000000011011110000110
00000000100110000101000111100100
11100111111111111111111100010011
00000000000001000010000000011010
00000000111100001010000000011000
10000111111111101111111100000011
11101101000111101010010110011100
00000000111100001010000000011000
00000000111100001000000000011011
00000000000000000110000000011010
00000100000000001110000010101010
11000111000111101010010110011100
11110100111111111111111100000011
10110000000010011001110010011111
00000000111100000010000000011010
00000000010000000011000110101010
00000000111100001000000000011011
00000000111100000100000000011011
00000000100010000001000011100100
10110000000010011001110010011111
00000110000000000000000000010000
00011000000010110101101010011111
00000000000001000010000000011010
00000000100010000011000011100100
00000111000000000000000000010000
00000000000000000000000000010101
00000000111100001010000000011000
01101000000111101010010110011100
00000100111000001001110011100000
01110011111111101111111100000011
00000100110100000111101011100000
00000000000000000111000010000100
10001011111111011111111100000111
00000000000000000000000000010101
00000000000000000010000000011010
00000000100010000000101111100100
00000101000000000000000000010000
00111111000000000010000000011010
00000000111100001010000000011000
11110101111111111111111100000011
10001010000111101010010110011100
11111111111111110011000110101010
00000100000000000111000010000110
00000000100010001011001111100100
00000100000000000000000000010000
00000000111100001010000000011000
11101110111111111111111100000011
10100111000111101010010110011100
00000000111100001010000000011000
11111011000111101010010110011100
00000100111000001001110011100000
00001111111111001111111100000111
00000100110100000111101011100000
00000000111100001010000000011000
00000000000001000010000000011010
00000000000000000110000000011010
11111111111111111110000010101110
00000000111111000010000000011011
00011110000111111010010110011100
00000100000000001010000010101010
00000000000000001011010110000110
00000000100110000101010111100100
00001110000000000000000000010000
00000100111000001001110011100000
00000000111100001010000000011000
01000101000111111010010110011100
00000000111111001111111100000111
00000100110100000111101011100000
00000100000000000010000010101010
00000000000000000110000000011000
00000000000000001001000110000100
11111100111110101111111100000111
00000000000000000000000000010101
00000000111100001010000000011000
11010010111111111111111100000011
01011110000111111010010110011100
00000000000000001011000110000110
00000000101110000001010111100100
00010100000000000000000000010000
00000000110010001011000111100010
00000000101010000000000111010100
00000100111000001001110011100000
00000100110100000111101011100000
00101000101110000000000111010100
00100100100110000000000111010100
00100000110010000000000111010100
00011000100010000000000111010100
00001100001010000000000111010100
11101010111110111111111100000111
00010100101010000000000111010100
00010100000000001010000110000110
11100001111110101111111100000111
00000100101010000111010111100000
00101000000000001110000110000110
00100100000000000110000110000110
00100000000000000010000110000111
00011000000000000010000110000110
00001100000000001010000110000100
00000001000000000111001110011110
11011000111111111111111100000011
00000100000000000011000110011110
00000000111100001000000000011011
00000000111100000100000000011011
10110000000010011001110010011111
00011000000010110101101010011111
00000000111100001010000000011000
01110100000111111010010110011100
00000100111000001001110011100000
11010110111110111111111100000111
00000100110100000111101011100000
00000000111100001010000000011000
00000000000001000010000000011010
11111111111111111110000010101110
00000000111111000010000000011011
00011110000111111010010110011100
00000000000001011010000000011010
00000000000000000111000110000110
00000000101110000001001111100100
00010100000000000000000000010000
00000000110010000111000111100010
00000000100110000000000111010100
00000100111000001001110011100000
00000100110100000111101011100000
00101000101010000000000111010100
00100100101110000000000111010100
00100000110010000000000111010100
00011000100010000000000111010100
00001100001010000000000111010100
11000010111110111111111100000111
00010100100110000000000111010100
00010100000000000110000110000110
10111001111110101111111100000111
00000100100110000111001111100000
00101000000000001010000110000110
00100100000000001110000110000110
00100000000000000010000110000111
00011000000000000010000110000110
00001100000000001010000110000100
00000100000000000011000110011110
00000000101010000011000111100100
11101000111111111111111100010011
00000000000000000000000000010101
00000000111100001010000000011000
10001101111111111111111100000011
10010010000111111010010110011100
00000001000000000001100010011111
00000000100010000011100011100100
01100110111111101111111100010011
00000100110100001001101011100000
10100101111111101111111100000011
00000000111100001010000000011000
00000000111100001010000000011000
10101010111110111111111100000111
01001111001000001010010110011100
01001110111111011111111100000011
00000100110100001101101011100011
00111001111111001111111100000111
00100111000000001000000010101011
00110111111111001111111100000111
11111111000000000100101110100111
11010000111111110101101010011111
00000010000000000010000010101010
00001000100010000011101011100010
11111111000000000100101110100110
00000000110100000011000111100010
00000000100010000011000111100010
11010000111111110101001010011110
01000010111111011111111100000011
00000000100010000101001011100010
01100111001000001010010110011100
11100100111111011111111100000011
00000000000000001000000000011000
00011010000000000000000000010000
00001000000000000010000010101010
00001000100010001101011011100010
00000001000000001100111010011101
00000100000000000010000010101010
00000000100010000010111011100100
01001000000000000000000000010000
00000000101100001101110011100010
00010000000000000010000110000110
00000000100010000011000011100100
00010111000000000000000000010000
00000000000001000010000000011010
11111111000011110010000010101010
00000000100010000011010011100100
00001110000000000000000000010000
00000000100010000101010011100100
00000000111100001010000000011000
00000000111100001000000000011000
00000000111100000110000000011000
01110101001000001010010110011100
10110000000010011000010010011100
10000001111110111111111100000111
00011000000010110110001110011100
00000001000000000100000010101010
00000111000000000000000000000000
00000000000100001000000010101010
11101001111111111111111100000011
00000000000000001100000000011010
00010101000000000000000000001100
00000010000000000010000010101010
00000001000000000100000010101010
00011101111111011111111100000011
00000000000000000000000000011011
00000000100010000011000011100100
00001111000000000000000000010000
00000010000000000010000010101010
00000000000000000010000000011010
00000000100010000011010011100100
00010110111111011111111100010011
00000001000000000100000010101010
00000000111100001010000000011000
00000000111100001000000000011000
00000000111100000110000000011000
10100100001000001010010110011100
10110000000010011000010010011100
01101001111110111111111100000111
00011000000010110110001110011100
00001101111111011111111100000011
00000100100100001001001011100010
00001000100010001101010011100001
00000000000000000110000000011010
11111111001111110011010010100110
00000000100110000011000111100100
00001000000000000000000000010000
00000000111100001010000000011000
00000000111100000110000000011000
00000000011100000000000111010100
11000101001000001010010110011100
00000000000000001000000000011000
01011011111110111111111100000111
00011000000010110110001110011100
00000000000000000010000000011010
00000000100010000000001011100100
00010001000000000000000000010000
00000000011100000011000011100010
00000001000000000111011001110010
00000000100110000001000111010100
00000001000000001001010010011110
00000000101000000111100011100100
00001001000000000000000000010000
00000000000000001100000000011001
00000000000000000010000000011010
00000000100010000000001011100100
00000011000000000000000000010000
00000000000000000000000000010101
00000100101000000001000011010100
00000100101000000001010011100011
00000000000000001100000000011001
01110000111111011111111100000011
11111111111111110101001010011110
00000000000000000011000110000110
00000001000000000011000101110010
00000000100010000001011011100100
11110000111111111111111100010011
00000100110100001011101011100000
00000000111100000110000000011000
00001000101100000000000111010100
00000100100010000000000111010100
00000000011100000000000111010100
00000000000000001000000000011000
00111100111110111111111100000111
00011000000010110110001110011100
11101000111111111111111100000011
00000001000000001001010010011110
00100000011100110111010101100010
01101111011100100111001001100101
00000000000010100010000101110010
01100001011101000110000101000100
01100111011000010111000000100000
01100001011001100010000001100101
00001010011101000110110001110101
01110000001000000110100100000000
00100000011001010110011101100001
01101100011101010110000101100110
01110100000000000000101001110100
00001010011010110110001101101001
01101100011011000110000100000000
00100001011011100110011101101001
00111111001111110000000000001010
00000000000010100011111100111111
01100111011011100110100101110000
01110100011001000000000000001010
00000000000010100110001001101100
01100010011011000111010001101001
01100001010100100000000000001010
00100001011001010110011101101110
01111001010100110000000000001010
01101100011000010110001101110011
01010100000000000000101001101100
00100001011100000110000101110010
01110010010000100000000000001010
00001010011010110110000101100101
01100101011010000100001100000000
01101110011010010110101101100011
01100001011011000010000001100111
01110000001000000111010001110011
00100000011001010110011101100001
01100110001000000110011001101111
01101000011100110110000101101100
01110000011011010110010100100000
00000000000010100111100101110100
01110011011000010110110001000110
01110010011001010010000001101000
00100001011100100110111101110010
01110010010001010000000000001010
01101110011010010111001101100001
01100001011011000010000001100111
01110000001000000111010001110011
00100000011001010110011101100001
01000110001000000110011001101111
01101000011100110110000101101100
01110010010101110000000000001010
01101110011010010111010001101001
01100101011101000010000001100111
01110011001000000111010001110011
01100101011101010111000101100101
00100000011001010110001101101110
01100110001000000110111101110100
01101000011100110110000101101100
01010110000000000000101000101110
01100110011010010111001001100101
01100111011011100110100101111001
01110011011001010111010000100000
01100101011100110010000001110100
01101110011001010111010101110001
01100110001000000110010101100011
00100000011011010110111101110010
01110011011000010110110001100110
00000000000010100010111001101000
01110100011100110110010101010100
01101001011000010110011000100000
00111010011001000110010101101100
00100000011001000010010100100000
01111000001100000010000000111010
00101111001000000101100000100101
01111000001100000010000000111101
00000000000010100101100000100101
01110011011000010110110001000110
01100101011101000010000001101000
01101111001000000111010001110011
00101110011110010110000101101011
01000011000000000000101000001010
00110111001101000010110101010011
01111001010100110010000000110011
01101101011001010111010001110011
01101111011100100111000000100000
01101101011000010111001001100111
01100111011011100110100101101101
01110010011011110110011000100000
01110011011110010111001100100000
01110011011011010110010101110100
00100000011011100110111100100000
01110000011010010110100001100011
01110000010011110000000000001010
01101001011100100110111001100101
01100010001000000110001101110011
01100100011001010111001101100001
01110010011010010111011000100000
01101100011000010111010101110100
01101111011100100101000000100000
01111001011101000110111101110100
00001010001011100110010101110000
01101001011101010100001000000000
01110110001000000110010001101100
01101001011100110111001001100101
00100000001110100110111001101111
00100000011011100110111101001101
00100000011100000110010101010011
00110001001000000011001000100000
00111001001100000011101000110001
00100000001101000011001100111010
01000011001000000100110101000001
00100000010101000101001101000101
00110100001100100011000000110010
01001001000000000000101000001010
00100000011011010110000100100000
00100000010101010101000001000011
01101111001000000110010000100101
01100100001001010010000001100110
01101110011101010111001000100000
01100111011011100110100101101110
00100000011101000110000100100000
00100101011001000010010100000000
01100100001001010010111001100100
01001101001000000110010000100101
00001010001011100111101001001000
01100001010101110000000000001010
01101110011010010111010001101001
01101111011001100010000001100111
01010000010000110010000001110010
00100000001100010010000001010101
01100001001000000110111101110100
01110110011010010111010001100011
00100000011001010111010001100001
00000000000010100110010101101101
01110000011011010111010101001010
00100000011001110110111001101001
01101101001000000110111101110100
00100000011011100110100101100001
01100111011011110111001001110000
00100000011011010110000101110010
00100101011110000011000001000000
01010000000000000000101001011000
01110010011001110110111101110010
01110000001000000110110101100001
01100101011100110110010101110010
01100010001000000111010001101110
01101110001000000111010001110101
01100110001000000111010001101111
01110100001000000111001001101111
00100000011100110110100101101000
01100111011100100110000101010100
00001010001011100111010001100101
00100000011001000110100101000100
00100000011101010110111101111001
01101111011011000111000001110101
01100110001000000110010001100001
01110100001000000111001001101111
01001111001000000110010101101000
00110000001100110011000101010010
01101100011100000010000000110000
01101111011001100111010001100001
00001010001111110110110101110010
01110111011011110100010000000000
01100001011011110110110001101110
01100100001000000011101001100100
00001010011001010110111001101111
01100001011001010101001000000000
01100111011011100110100101100100
01100100011011110110001100100000
01100001011101000010000001100101
00001010011001010110110001100010
01110111011011110100010000000000
01100001011011110110110001101110
01110011001000000011101001100100
01100001001000000111010001100101
01100101011100100110010001100100
00111101001000000111001101110011
00100101011110000011000000100000
01000101000000000000101001011000
01110010011011110111001001110010
01101111011011100010000000101100
01101111011100100111000000100000
01101101011000010111001001100111
01100001011011110110110000100000
00100001011001000110010101100100
01110101010010100000000000001010
01101110011010010111000001101101
01101111011101000010000001100111
01101111011100100111000000100000
01101101011000010111001001100111
01000101000000000000101001101101
01110010011011110111001001110010
01101111011011100010000000101100
01101111011100100111000000100000
01101101011000010111001001100111
00100000011011100110100100100000
01110011011000010110110001000110
00000000000010100010000101101000
01110100011101000110010101010011
00100000011001110110111001101001
01100111011011110111001001110000
01101111011011010010000000101110
00000000000010100110010101100100
01110100011101000110010101010011
00100000011001110110111001101001
01101001011100100110010101110110
01101101001000000010111001100110
00001010011001010110010001101111
00100000011011110100111000000000
01100111011011110111001001110000
00100000011011010110000101110010
01110011011001010111001001110000
00001010011101000110111001100101
01101111011100100101000000000000
01101101011000010111001001100111
00100000011011100110100100100000
00100000011011010110010101101101
01101101011011110111001001100110
00100101011110000011000000100000
01101111011101000010000001011000
00100101011110000011000000100000
01010011000000000000101001011000
01100011011101000110100101110111
00100000011001000110010101101000
01110011001000000110111101110100
00101101011101000110011001101111
01110011011011110110100101100010
01110111010100110000000000001010
01101000011000110111010001101001
01110100001000000110010001100101
01101100010001100010000001101111
00001010011010000111001101100001
01101001011101110101001100000000
01100101011010000110001101110100
01101111011101000010000001100100
01010010010001000101001100100000
00000000000010100110110101100001
01100001011001010110110001010000
01100011001000000110010101110011
01100111011011100110000101101000
01101111011101000010000001100101
01100101011010000111010000100000
01010010010001000101001100100000
01100010001000000100110101000001
01110100001010100010000001111001
01101111010011100000000000001010
01101111011100100111000000100000
01101101011000010111001001100111
01100001011011110110110000100000
00100000011001000110010101100100
01010011001000000110111001101001
01101101011000010101001001000100
01010000000000000000101000100001
01110010011001110110111101110010
01100100001000000110110101100001
00100000011100110110010101101111
00100000011101000110111101101110
00100000011101000110100101100110
01000110001000000110111001101001
01101000011100110110000101101100
01000011000000000000101000100001
01100001011100000110110101101111
01100101001000000110010101110010
01110010011011110111001001110010
00100000011101000110000100100000
01011000001001010111100000110000
00110000001000000011101000100000
00100000010110000010010101111000
00110000001000000011110100100001
00001010010110000010010101111000
01101101011011110100001100000000
01100101011100100110000101110000
01101110011011110110010000100000
01000011000000000000101001100101
01101011011000110110010101101000
00100000011001110110111001101001
01110100001000000110011001101001
01100110001000000110010101101000
01101000011100110110000101101100
00100000011100110110100100100000
01110100011100000110110101100101
00101110001011100010111001111001
01110100010100110000000000001010
00100000011101000111001001100001
01110011011000010110110001100110
01110010011001010010000001101000
00100000011001010111001101100001
01101100011000110111100101100011
01101111011001100010000001100101
01100001011100000010000001110010
00110000001000000110010101100111
00001010010110000010010101111000
01100001011101000101001100000000
01110000001000000111010001110010
01110010011001110110111101110010
01101001011011010110110101100001
01100110001000000110011101101110
01101000011100110110000101101100
01110010010100000000000000001010
01100001011100100110011101101111
01101110011010010110110101101101
01101001011001100010000001100111
01101000011100110110100101101110
00000000000010100110010001100101
01100011011001010110100001000011
01100111011011100110100101101011
00100000011001100110100100100000
01110011011000010110110001100110
01110011011010010010000001101000
01101001011001000010011100100000
00100111011110010111010001110010
01101100010001100000000000001010
00100000011010000111001101100001
01100101001000000111001101101001
01111001011101000111000001101101
01110010011001010010100000100000
01100100011001010111001101100001
00001010000010100010111000101001
01100001011101000101001100000000
01101110011010010111010001110010
01101001011100110010000001100111
01100101011011000111000001101101
01010010010001000101001100100000
01101101001000000110110101100001
01101000011000110110110101100101
00101110011010110110001101100101
01010111000000000000101000001010
01101001011101000110100101110010
00101110001011100110011101101110
01010110000000000000101000101110
01100110011010010111001001100101
01100111011011100110100101111001
00001010001011100010111000101110
01110010011100100100010100000000
01000000001000000111001001101111
01011000001001010111100000110000
00110000001000000011101000100000
00100000010110000010010101111000
00110000001000000011110100100001
00001010010110000010010101111000
00100000011100100100111000000000
01100101001000000110011001101111
01110010011011110111001001110010
01101111011001100010000001110011
00100000011001000110111001110101
01100100001001010010000000111010
01100101010011010000000000001010
01100101011010000110001101101101
01100100001000000110101101100011
00101100011001010110111001101111
00100000011001000010010100100000
01101111011100100111001001100101
00001010000010100111001101110010
01110100011001010101001100000000
01100111011011100110100101110100
01100001011101000111001100100000
01110100001000000110101101100011
01010000010100110010000001101111
01010011000000000000101001001101
01101001011101000111010001100101
01110011001000000110011101101110
01101011011000110110000101110100
00100000011011110111010000100000
01000001010100100100010001010011
01010101000000000000101001001101
01101111011011100110101101101110
01100011001000000110111001110111
00100001011001010110010001101111
01101111011100100101000000000000
01101101011000010111001001100111
01101111011011110111010000100000
01100111011010010110001000100000
00100000011011110111010000100000
00100000011101000110100101100110
01010011001000000110111001101001
01100010011101000110011001101111
00101100011100110110111101101001
01101111011000100110000100100000
01101110011010010111010001110010
00000000000010100010000101100111
01101110011011100110000101000011
01110000001000000111010001101111
01110010011001110110111101110010
01100110001000000110110101100001
01101000011100110110000101101100
01100010011000010010000000101100
01101001011101000111001001101111
00001010001000010110011101101110
01110111011011110100010000000000
01100001011011110110110001101110
01100001001000000011101001100100
01111000001100000010000001110100
00000000000010100101100000100101
01101001011100100110010101010110
01100001011000110110100101100110
01101110011011110110100101110100
01110010011100100110010100100000
01100001001000000111001001101111
01111000001100000010000001110100
00111010001000000101100000100101
00100101011110000011000000100000
00111101001000010010000001011000
00100101011110000011000000100000
01001011000000000000101001011000
01101110011101110110111101101110
00110010010100110101001000100000
01100011001000000011001000110011
01100001011011010110110101101111
00111010011100110110010001101110
00100000001001000000000000001010
01100001011101000101001100100000
01110100001000000111010001110010
01110000001000000110010101101000
01110010011001110110111101110010
01101100001000000110110101100001
01100101011001000110000101101111
01101110011010010010000001100100
01110010011000010111010000100000
00001010011101000110010101100111
00100000011100000010101000000000
00100000011101000110010101010011
01100111011011110111001001110000
01101101011011010110000101110010
00100000011001110110111001101001
01100101011001000110111101101101
01100101011001000010100000100000
01101100011101010110000101100110
00000000000010100010100101110100
01010011001000000111011000101010
01110110001000000111010001100101
01100110011010010111001001100101
01110100011000010110001101101001
00100000011011100110111101101001
01100101011001000110111101101101
01101001001010100000000000001010
01101111011010000101001100100000
01101110011010010010000001110111
01101111001000000110111101100110
01110010011100000010000001101110
01100001011100100110011101101111
01101110011010010010000001101101
01110010011000010111010000100000
00001010011101000110010101100111
00100000011101000010101000000000
01100111011001110110111101010100
01110100001000000110010101101100
01100101011001110111001001100001
01100101011000100010000001110100
01100101011001010111011101110100
01000100010100110010000001101110
00100000011011010110000101010010
01100110011001010110010000101000
01110100011011000111010101100001
01110011001000000010110000101001
00101101011101000110011001101111
01110011011011110110100101000010
01100100011011100110000100100000
01100001011011000100011000100000
00000000000010100110100001110011
01010000001000000110110100101010
01101111011001100111001001100101
01110011001000000110110101110010
01101100011100000110110101101001
01000100010100110010000001100101
00100000011011010110000101010010
01100011011011010110010101101101
01101011011000110110010101101000
01110011001010100000000000001010
01100101011010000100001100100000
01010011001000000110101101100011
01100110001011010100100101010000
01101000011100110110000101101100
01101001011010000110001100100000
00101010000000000000101001110000
01110010010001010010000001100101
00100000011001010111001101100001
00101101010010010101000001010011
01110011011000010110110001000110
01101000011000110010000001101000
00000000000010100111000001101001
01010011001000000110011000101010
01100101011100100110111101110100
01101111011100100111000000100000
01101101011000010111001001100111
01100001011011110110110000100000
00100000011001000110010101100100
01010011001000000110111001101001
01001101010000010101001001000100
00100000011011110111010000100000
00101101010010010101000001010011
01110011011000010110110001000110
00101010000000000000101001101000
01101111010000110010000001100011
01110010011000010111000001101101
01110010011100000010000001100101
01100001011100100110011101101111
01101111011011000010000001101101
01100100011001010110010001100001
00100000011011100110100100100000
01000001010100100100010001010011
01101001011101110010000001001101
01010011001000000110100001110100
01000110001011010100100101010000
01101000011100110110000101101100
01110010001010100000000000001010
01101110011101010101001000100000
01101111011100100111000000100000
01101101011000010111001001100111
01101111011101000111001100100000
00100000011001000110010101110010
01010011001000000110111001101001
01000110001011010100100101010000
01101000011100110110000101101100
01110001001010100000000000001010
01100111011011110101010000100000
00100000011001010110110001100111
01100011011000010111010001110011
01101111011100000010000001101011
01100101011101000110111001101001
01110010011001100010000001110010
01010011001000000110110101101111
01001101010000010101001001000100
01100101011001000010100000100000
01101100011101010110000101100110
01110111001000000010100101110100
00100000011010000111010001101001
00001010010011010101000001010011
00100000011010000010101000000000
01110011011010010110100001010100
01101100011001010110100000100000
01110010011000110111001101110000
00001010011011100110010101100101
00000000000000000000000000001010
11101111101111101010110111011110
00000001000000000000000000000000
00000010000000000000000000000000
00000011000000000000000000000000
00000100000000000000000000000000
00000101000000000000000000000000
00000110000000000000000000000000
00000111000000000000000000000000
00000011001000010000000011110000
00011010001000010000000011110000
01000001001000010000000011110000
01100100001000010000000011110000
01111110001000010000000011110000
10100001001000010000000011110000
11100000001000010000000011110000
00000010001000100000000011110000
00011011001000100000000011110000
00110100001000100000000011110000
01100011001000100000000011110000
10010110001000100000000011110000
10111010001000100000000011110000
11110001001000100000000011110000
00000000000000000000000000000000
